2008 11 15
2012 02 19
2015 12 24
2000 01 19
2000 12 30
2006 10 27
2008 04 25
2008 10 30
2008 11 22
2009 01 08
2009 01 17
2001 03 21
2009 03 01
2009 04 06
2009 04 21
2010 02 03
2010 02 17
2010 03 28
2010 04 24
2010 10 12
2011 01 16
2011 02 01
2011 03 14
2011 04 01
2011 12 28
2012 02 24
2012 04 16
2012 10 26
2012 12 26
2013 01 24
2013 12 10
2002 01 13
2014 12 30
2015 02 15
2015 03 20
2015 10 27
2015 12 17
2015 12 27
2016 01 09
2016 04 12
2016 12 01
2017 01 22
2017 02 22
2017 04 02
2002 01 28
2017 11 30
2018 01 05
2018 03 13
2018 04 08
2018 11 26
2019 01 21
2019 01 31
2019 03 08
2019 04 01
2003 01 18
2003 01 31
2003 03 25
2003 12 09
2000 02 01
2003 12 18
2004 01 31
2004 03 28
2004 11 19
2004 11 24
2005 01 20
2005 01 24
2000 03 25
2005 03 02
2005 04 28
2005 10 13
2001 01 03
2006 03 08
2006 03 24
2006 11 10
2006 12 23
2006 12 28
2007 04 07
2001 02 07
2008 02 02
2008 03 21
2001 03 03
