1999 12 19
1999 12 20
2000 01 21
2000 01 22
2000 01 31
2000 03 08
2000 03 09
2000 03 24
2001 01 01
2001 01 02
2001 02 04
2001 02 05
2001 02 06
2001 03 02
2001 03 19
2001 03 20
2001 03 24
2001 04 09
2001 04 10
2001 10 27
2001 10 28
2001 10 29
2001 10 30
2001 11 01
2001 11 04
2001 11 05
2001 11 09
2001 11 10
2001 11 12
2001 12 31
2002 01 01
2002 01 11
2002 01 12
2002 01 19
2002 01 21
2002 01 22
2002 01 23
2002 01 24
2002 01 25
2002 01 26
2002 01 27
2002 02 19
2002 02 20
2002 02 21
2002 02 22
2002 02 23
2002 02 24
2002 03 01
2002 03 02
2002 03 09
2002 03 10
2002 05 20
2002 12 20
2003 01 16
2003 01 17
2003 01 22
2003 01 23
2003 01 24
2003 01 29
2003 01 30
2003 03 10
2003 03 11
2003 03 22
2003 03 23
2003 03 24
2003 10 24
2003 12 05
2003 12 08
2003 12 17
2003 12 26
2003 12 27
2003 12 29
2003 12 30
2004 01 27
2004 01 28
2004 01 29
2004 01 30
2004 02 06
2004 02 07
2004 02 21
2004 02 22
2004 03 01
2004 03 27
2004 11 15
2004 11 16
2004 11 17
2004 11 18
2004 11 23
2004 12 10
2004 12 11
2004 12 18
2004 12 19
2005 01 13
2005 01 14
2005 01 18
2005 01 19
2005 01 22
2005 01 23
2005 02 26
2005 02 27
2005 02 28
2005 03 01
2005 03 07
2005 03 15
2005 03 16
2005 03 17
2005 04 02
2005 04 03
2005 04 26
2005 04 27
2005 10 11
2005 10 12
2005 11 23
2005 11 24
2005 11 28
2005 11 29
2005 11 30
2005 12 18
2005 12 19
2006 01 29
2006 01 30
2006 03 03
2006 03 04
2006 03 05
2006 03 06
2006 03 07
2006 03 20
2006 03 21
2006 03 22
2006 03 23
2006 10 29
2006 10 30
2006 11 08
2006 11 09
2006 12 22
2006 12 26
2006 12 27
2007 01 21
2007 01 22
2007 01 23
2007 01 26
2007 01 27
2007 02 04
2007 02 05
2007 02 12
2007 02 13
2007 04 05
2007 04 06
2007 04 29
2007 09 02
2007 09 03
2007 12 11
2008 01 25
2008 01 26
2008 01 31
2008 02 01
2008 02 14
2008 02 15
2008 02 28
2008 02 29
2008 03 02
2008 03 03
2008 03 04
2008 03 16
2008 03 17
2008 03 18
2008 03 19
2008 03 20
2008 04 03
2008 04 04
2008 04 05
2008 04 24
2008 10 27
2008 10 28
2008 10 29
2008 11 17
2008 11 18
2008 11 19
2008 11 20
2008 11 21
2008 11 28
2008 11 29
2008 11 30
2009 01 07
2009 01 06
2009 01 16
2009 02 04
2009 02 05
2009 02 06
2009 02 07
2009 02 08
2009 02 26
2009 02 27
2009 02 28
2009 03 27
2009 03 28
2009 04 02
2009 04 03
2009 04 04
2009 04 05
2009 04 20
2010 01 08
2010 01 29
2010 01 30
2010 01 31
2010 02 01
2010 02 02
2010 02 16
2010 02 23
2010 02 24
2010 03 01
2010 03 02
2010 03 04
2010 03 05
2010 03 06
2010 03 10
2010 03 11
2010 03 12
2010 03 13
2010 03 14
2010 03 15
2010 03 19
2010 03 21
2010 03 23
2010 03 24
2010 03 25
2010 03 26
2010 03 27
2010 04 23
2010 05 31
2010 10 11
2010 10 19
2010 11 07
2010 11 08
2010 11 09
2010 11 10
2010 11 21
2010 11 22
2010 11 23
2010 11 25
2010 12 04
2010 12 05
2010 12 06
2010 12 07
2010 12 09
2010 12 10
2010 12 21
2010 12 22
2011 01 13
2011 01 14
2011 01 15
2011 01 28
2011 01 29
2011 01 30
2011 01 31
2011 02 06
2011 02 07
2011 02 08
2011 02 10
2011 02 11
2011 02 09
2011 03 10
2011 03 11
2011 03 12
2011 03 13
2011 03 20
2011 03 21
2011 03 22
2011 03 23
2011 03 24
2011 03 25
2011 03 29
2011 03 30
2011 03 31
2011 11 26
2011 11 27
2011 11 28
2011 12 05
2011 12 06
2011 12 07
2011 12 27
2012 02 06
2012 02 21
2012 02 22
2012 02 23
2012 03 10
2012 03 17
2012 03 18
2012 03 19
2012 03 29
2012 04 04
2012 04 05
2012 04 06
2012 04 07
2012 04 14
2012 04 15
2012 10 24
2012 10 25
2012 12 24
2012 12 25
2013 01 22
2013 01 23
2013 01 31
2013 02 01
2013 02 23
2013 02 24
2013 03 03
2013 03 04
2013 03 05
2013 03 06
2013 03 07
2013 03 08
2013 03 11
2013 03 12
2013 03 14
2013 03 15
2013 03 16
2013 03 18
2013 03 19
2013 03 20
2013 03 26
2013 03 27
2013 03 28
2013 03 30
2013 03 31
2013 04 01
2013 04 02
2013 04 03
2013 04 04
2013 04 05
2013 04 06
2013 04 07
2013 04 08
2013 04 09
2013 04 10
2013 10 25
2013 10 26
2013 10 27
2013 11 18
2013 11 19
2013 11 20
2013 11 21
2013 11 23
2013 11 24
2013 11 25
2013 11 26
2013 11 29
2013 11 30
2013 12 01
2013 12 02
2013 12 07
2013 12 08
2013 12 09
2014 03 24
2014 03 25
2014 04 14
2014 04 15
2014 04 13
2014 05 13
2014 05 14
2014 05 15
2014 12 20
2014 12 21
2014 12 24
2014 12 25
2014 12 26
2014 12 27
2014 12 28
2014 12 29
2015 01 29
2015 01 30
2015 01 28
2015 01 31
2015 02 01
2015 02 02
2015 02 03
2015 02 04
2015 02 10
2015 02 11
2015 02 12
2015 02 13
2015 02 14
2015 03 19
2015 03 23
2015 03 24
2015 10 26
2015 11 18
2015 11 19
2015 11 20
2015 12 12
2015 12 13
2015 12 14
2015 12 15
2015 12 16
2015 12 26
2016 01 07
2016 01 08
2016 03 16
2016 03 17
2016 03 31
2016 04 01
2016 04 11
2016 04 22
2016 04 23
2016 04 24
2016 04 25
2016 11 27
2016 11 28
2016 11 26
2016 11 29
2016 11 30
2016 12 08
2016 12 09
2016 12 31
2017 01 01
2017 01 13
2017 01 14
2017 01 15
2017 01 18
2017 01 19
2017 01 20
2017 01 21
2017 02 16
2017 02 17
2017 02 18
2017 02 19
2017 02 20
2017 02 21
2017 02 24
2017 02 25
2017 03 30
2017 03 31
2017 04 01
2017 11 18
2017 11 19
2017 11 20
2017 11 21
2017 11 22
2017 11 23
2017 11 27
2017 11 28
2017 11 29
2017 12 02
2017 12 03
2017 12 04
2017 12 29
2018 01 02
2018 01 03
2018 01 04
2018 03 11
2018 03 12
2018 03 25
2018 04 05
2018 04 06
2018 04 07
2018 11 24
2018 11 25
2018 12 04
2018 12 05
2018 12 28
2018 12 29
2018 12 30
2019 01 01
2019 01 02
2019 01 03
2019 01 12
2019 01 13
2019 01 14
2019 01 15
2019 01 16
2019 01 17
2019 01 18
2019 01 19
2019 01 20
2019 01 29
2019 01 30
2019 02 11
2019 02 12
2019 03 05
2019 03 06
2019 03 07
2019 03 24
2019 03 25
2019 03 29
2019 03 31
2019 05 01
2019 05 02
2019 05 03
