1999 12 18
2000 01 20
2000 01 30
2000 03 07
2000 03 23
2000 12 31
2001 02 03
2001 03 01
2001 03 18
2001 03 23
2001 04 08
2001 10 26
2001 10 31
2001 11 03
2001 11 08
2001 11 11
2001 12 30
2002 01 10
2002 01 18
2002 01 20
2002 02 18
2002 02 28
2002 03 08
2002 05 19
2002 12 19
2003 01 15
2003 01 21
2003 01 28
2003 03 09
2003 03 21
2003 10 23
2003 12 04
2003 12 07
2003 12 16
2003 12 25
2003 12 28
2004 01 26
2004 02 05
2004 02 20
2004 02 29
2004 03 26
2004 11 14
2004 11 22
2004 12 09
2004 12 17
2005 01 12
2005 01 17
2005 01 21
2005 02 25
2005 03 06
2005 03 14
2005 04 01
2005 04 25
2005 10 10
2005 11 22
2005 11 27
2005 12 17
2006 01 28
2006 03 02
2006 03 19
2006 10 28
2006 11 07
2006 12 21
2006 12 25
2007 01 20
2007 01 25
2007 02 03
2007 02 11
2007 04 04
2007 04 28
2007 09 01
2007 12 10
2008 01 24
2008 01 30
2008 02 13
2008 02 27
2008 03 01
2008 03 15
2008 04 02
2008 04 23
2008 10 26
2008 11 16
2008 11 27
2009 01 05
2009 01 15
2009 02 03
2009 02 25
2009 03 26
2009 04 01
2009 04 19
2010 01 07
2010 01 28
2010 02 15
2010 02 22
2010 02 28
2010 03 03
2010 03 09
2010 03 18
2010 03 20
2010 03 22
2010 04 22
2010 05 30
2010 10 10
2010 10 18
2010 11 06
2010 11 20
2010 11 24
2010 12 03
2010 12 08
2010 12 20
2011 01 12
2011 01 27
2011 02 05
2011 03 09
2011 03 19
2011 03 28
2011 11 25
2011 12 04
2011 12 26
2012 02 05
2012 02 20
2012 03 09
2012 03 16
2012 03 28
2012 04 03
2012 04 13
2012 10 23
2012 12 23
2013 01 21
2013 01 30
2013 02 22
2013 03 02
2013 03 10
2013 03 13
2013 03 17
2013 03 25
2013 03 29
2013 10 24
2013 11 17
2013 11 22
2013 11 28
2013 12 06
2014 03 23
2014 04 12
2014 05 12
2014 12 19
2014 12 23
2015 01 27
2015 02 09
2015 03 18
2015 03 22
2015 10 25
2015 11 17
2015 12 11
2015 12 25
2016 01 06
2016 03 15
2016 03 30
2016 04 10
2016 04 21
2016 11 25
2016 12 07
2016 12 30
2017 01 12
2017 01 17
2017 02 15
2017 02 23
2017 03 29
2017 11 17
2017 11 26
2017 12 01
2017 12 28
2018 01 01
2018 03 10
2018 03 24
2018 04 04
2018 11 23
2018 12 03
2018 12 27
2018 12 31
2019 01 11
2019 01 28
2019 02 10
2019 03 04
2019 03 23
2019 03 28
2019 03 30
2019 04 30
