001 1999 12 18 1999 12 20
002 2000 01 19 2000 01 22
003 2000 01 30 2000 02 01
004 2000 03 07 2000 03 09
005 2000 03 23 2000 03 25
006 2000 12 30 2001 01 03
007 2001 02 03 2001 02 07
008 2001 03 01 2001 03 03
009 2001 03 18 2001 03 21
010 2001 03 23 2001 03 24
011 2001 04 08 2001 04 10
012 2001 10 26 2001 11 01
013 2001 11 03 2001 11 05
014 2001 11 08 2001 11 12
015 2001 12 30 2002 01 01
016 2002 01 10 2002 01 13
017 2002 01 18 2002 01 28
018 2002 02 18 2002 02 24
019 2002 02 28 2002 03 02
020 2002 03 08 2002 03 10
021 2002 05 19 2002 05 20
022 2002 12 19 2002 12 20
023 2003 01 15 2003 01 18
024 2003 01 21 2003 01 24
025 2003 01 28 2003 01 31
026 2003 03 09 2003 03 11
027 2003 03 21 2003 03 25
028 2003 10 23 2003 10 24
029 2003 12 04 2003 12 05
030 2003 12 07 2003 12 09
031 2003 12 16 2003 12 18
032 2003 12 25 2003 12 30
033 2004 01 26 2004 01 31
034 2004 02 05 2004 02 07
035 2004 02 20 2004 02 22
036 2004 02 29 2004 03 01
037 2004 03 26 2004 03 28
038 2004 11 14 2004 11 19
039 2004 11 22 2004 11 24
040 2004 12 09 2004 12 11
041 2004 12 17 2004 12 19
042 2005 01 12 2005 01 14
043 2005 01 17 2005 01 24
044 2005 02 25 2005 03 02
045 2005 03 06 2005 03 07
046 2005 03 14 2005 03 17
047 2005 04 01 2005 04 03
048 2005 04 25 2005 04 28
049 2005 10 10 2005 10 13
050 2005 11 22 2005 11 24
051 2005 11 27 2005 11 30
052 2005 12 17 2005 12 19
053 2006 01 28 2006 01 30
054 2006 03 02 2006 03 08
055 2006 03 19 2006 03 24
056 2006 10 27 2006 10 30
057 2006 11 07 2006 11 10
058 2006 12 21 2006 12 23
059 2006 12 25 2006 12 28
060 2007 01 20 2007 01 23
061 2007 01 25 2007 01 27
062 2007 02 03 2007 02 05
063 2007 02 11 2007 02 13
064 2007 04 04 2007 04 07
065 2007 04 28 2007 04 29
066 2007 09 01 2007 09 03
067 2007 12 10 2007 12 11
068 2008 01 24 2008 01 26
069 2008 01 30 2008 02 02
070 2008 02 13 2008 02 15
071 2008 02 27 2008 03 04
072 2008 03 15 2008 03 21
073 2008 04 02 2008 04 05
074 2008 04 23 2008 04 25
075 2008 10 26 2008 10 30
076 2008 11 15 2008 11 22
077 2008 11 27 2008 11 30
078 2009 01 05 2009 01 08
079 2009 01 15 2009 01 17
080 2009 02 03 2009 02 08
081 2009 02 25 2009 03 01
082 2009 03 26 2009 03 28
083 2009 04 01 2009 04 06
084 2009 04 19 2009 04 21
085 2010 01 07 2010 01 08
086 2010 01 28 2010 02 03
087 2010 02 15 2010 02 17
088 2010 02 22 2010 02 24
089 2010 02 28 2010 03 06
090 2010 03 09 2010 03 15
091 2010 03 18 2010 03 28
092 2010 04 22 2010 04 24
093 2010 05 30 2010 05 31
094 2010 10 10 2010 10 12
095 2010 10 18 2010 10 19
096 2010 11 06 2010 11 10
097 2010 11 20 2010 11 25
098 2010 12 03 2010 12 10
099 2010 12 20 2010 12 22
100 2011 01 12 2011 01 16
101 2011 01 27 2011 02 01
102 2011 02 05 2011 02 11
103 2011 03 09 2011 03 14
104 2011 03 19 2011 03 25
105 2011 03 28 2011 04 01
106 2011 11 25 2011 11 28
107 2011 12 04 2011 12 07
108 2011 12 26 2011 12 28
109 2012 02 05 2012 02 06
110 2012 02 19 2012 02 24
111 2012 03 09 2012 03 10
112 2012 03 16 2012 03 19
113 2012 03 28 2012 03 29
114 2012 04 03 2012 04 07
115 2012 04 13 2012 04 16
116 2012 10 23 2012 10 26
117 2012 12 23 2012 12 26
118 2013 01 21 2013 01 24
119 2013 01 30 2013 02 01
120 2013 02 22 2013 02 24
121 2013 03 02 2013 03 08
122 2013 03 10 2013 03 20
123 2013 03 25 2013 04 10
124 2013 10 24 2013 10 27
125 2013 11 17 2013 11 26
126 2013 11 28 2013 12 02
127 2013 12 06 2013 12 10
128 2014 03 23 2014 03 25
129 2014 04 12 2014 04 15
130 2014 05 12 2014 05 15
131 2014 12 19 2014 12 21
132 2014 12 23 2014 12 30
133 2015 01 27 2015 02 04
134 2015 02 09 2015 02 15
135 2015 03 18 2015 03 20
136 2015 03 22 2015 03 24
137 2015 10 25 2015 10 27
138 2015 11 17 2015 11 20
139 2015 12 11 2015 12 17
140 2015 12 24 2015 12 27
141 2016 01 06 2016 01 09
142 2016 03 15 2016 03 17
143 2016 03 30 2016 04 01
144 2016 04 10 2016 04 12
145 2016 04 21 2016 04 25
146 2016 11 25 2016 12 01
147 2016 12 07 2016 12 09
148 2016 12 30 2017 01 01
149 2017 01 12 2017 01 15
150 2017 01 17 2017 01 22
151 2017 02 15 2017 02 25
152 2017 03 29 2017 04 02
153 2017 11 17 2017 11 23
154 2017 11 26 2017 12 04
155 2017 12 28 2017 12 29
156 2018 01 01 2018 01 05
157 2018 03 10 2018 03 13
158 2018 03 24 2018 03 25
159 2018 04 04 2018 04 08
160 2018 11 23 2018 11 26
161 2018 12 03 2018 12 05
162 2018 12 27 2019 01 03
163 2019 01 11 2019 01 21
164 2019 01 28 2019 01 31
165 2019 02 10 2019 02 12
166 2019 03 04 2019 03 08
167 2019 03 23 2019 03 25
168 2019 03 28 2019 04 01
169 2019 04 30 2019 05 03
