001 1999 12 18 1999 12 20
002 2000 01 20 2000 01 22
003 2000 01 30 2000 01 31
004 2000 03 07 2000 03 09
005 2000 03 23 2000 03 24
006 2000 12 31 2001 01 02
007 2001 02 03 2001 02 06
008 2001 03 01 2001 03 02
009 2001 03 18 2001 03 20
010 2001 03 23 2001 03 24
011 2001 04 08 2001 04 10
012 2001 10 26 2001 11 01
013 2001 11 03 2001 11 05
014 2001 11 08 2001 11 12
015 2001 12 30 2002 01 01
016 2002 01 10 2002 01 12
017 2002 01 18 2002 01 27
018 2002 02 18 2002 02 24
019 2002 02 28 2002 03 02
020 2002 03 08 2002 03 10
021 2002 05 19 2002 05 20
022 2002 12 19 2002 12 20
023 2003 01 15 2003 01 17
024 2003 01 21 2003 01 24
025 2003 01 28 2003 01 30
026 2003 03 09 2003 03 11
027 2003 03 21 2003 03 24
028 2003 10 23 2003 10 24
029 2003 12 04 2003 12 05
030 2003 12 07 2003 12 08
031 2003 12 16 2003 12 17
032 2003 12 25 2003 12 30
033 2004 01 26 2004 01 30
034 2004 02 05 2004 02 07
035 2004 02 20 2004 02 22
036 2004 02 29 2004 03 01
037 2004 03 26 2004 03 27
038 2004 11 14 2004 11 18
039 2004 11 22 2004 11 23
040 2004 12 09 2004 12 11
041 2004 12 17 2004 12 19
042 2005 01 12 2005 01 14
043 2005 01 17 2005 01 19
044 2005 01 21 2005 01 23
045 2005 02 25 2005 03 01
046 2005 03 06 2005 03 07
047 2005 03 14 2005 03 17
048 2005 04 01 2005 04 03
049 2005 04 25 2005 04 27
050 2005 10 10 2005 10 12
051 2005 11 22 2005 11 24
052 2005 11 27 2005 11 30
053 2005 12 17 2005 12 19
054 2006 01 28 2006 01 30
055 2006 03 02 2006 03 07
056 2006 03 19 2006 03 23
057 2006 10 28 2006 10 30
058 2006 11 07 2006 11 09
059 2006 12 21 2006 12 22
060 2006 12 25 2006 12 27
061 2007 01 20 2007 01 23
062 2007 01 25 2007 01 27
063 2007 02 03 2007 02 05
064 2007 02 11 2007 02 13
065 2007 04 04 2007 04 06
066 2007 04 28 2007 04 29
067 2007 09 01 2007 09 03
068 2007 12 10 2007 12 11
069 2008 01 24 2008 01 26
070 2008 01 30 2008 02 01
071 2008 02 13 2008 02 15
072 2008 02 27 2008 03 04
073 2008 03 15 2008 03 20
074 2008 04 02 2008 04 05
075 2008 04 23 2008 04 24
076 2008 10 26 2008 10 29
077 2008 11 16 2008 11 21
078 2008 11 27 2008 11 30
079 2009 01 05 2009 01 07
080 2009 01 15 2009 01 16
081 2009 02 03 2009 02 08
082 2009 02 25 2009 02 28
083 2009 03 26 2009 03 28
084 2009 04 01 2009 04 05
085 2009 04 19 2009 04 20
086 2010 01 07 2010 01 08
087 2010 01 28 2010 02 02
088 2010 02 15 2010 02 16
089 2010 02 22 2010 02 24
090 2010 02 28 2010 03 06
091 2010 03 09 2010 03 15
092 2010 03 18 2010 03 27
093 2010 04 22 2010 04 23
094 2010 05 30 2010 05 31
095 2010 10 10 2010 10 11
096 2010 10 18 2010 10 19
097 2010 11 06 2010 11 10
098 2010 11 20 2010 11 25
099 2010 12 03 2010 12 10
100 2010 12 20 2010 12 22
101 2011 01 12 2011 01 15
102 2011 01 27 2011 01 31
103 2011 02 05 2011 02 11
104 2011 03 09 2011 03 13
105 2011 03 19 2011 03 25
106 2011 03 28 2011 03 31
107 2011 11 25 2011 11 28
108 2011 12 04 2011 12 07
109 2011 12 26 2011 12 27
110 2012 02 05 2012 02 06
111 2012 02 20 2012 02 23
112 2012 03 09 2012 03 10
113 2012 03 16 2012 03 19
114 2012 03 28 2012 03 29
115 2012 04 03 2012 04 07
116 2012 04 13 2012 04 15
117 2012 10 23 2012 10 25
118 2012 12 23 2012 12 25
119 2013 01 21 2013 01 23
120 2013 01 30 2013 02 01
121 2013 02 22 2013 02 24
122 2013 03 02 2013 03 08
123 2013 03 10 2013 03 20
124 2013 03 25 2013 04 10
125 2013 10 24 2013 10 27
126 2013 11 17 2013 11 26
127 2013 11 28 2013 12 02
128 2013 12 06 2013 12 09
129 2014 03 23 2014 03 25
130 2014 04 12 2014 04 15
131 2014 05 12 2014 05 15
132 2014 12 19 2014 12 21
133 2014 12 23 2014 12 29
134 2015 01 27 2015 02 04
135 2015 02 09 2015 02 14
136 2015 03 18 2015 03 19
137 2015 03 22 2015 03 24
138 2015 10 25 2015 10 26
139 2015 11 17 2015 11 20
140 2015 12 11 2015 12 16
141 2015 12 25 2015 12 26
142 2016 01 06 2016 01 08
143 2016 03 15 2016 03 17
144 2016 03 30 2016 04 01
145 2016 04 10 2016 04 11
146 2016 04 21 2016 04 25
147 2016 11 25 2016 11 30
148 2016 12 07 2016 12 09
149 2016 12 30 2017 01 01
150 2017 01 12 2017 01 15
151 2017 01 17 2017 01 21
152 2017 02 15 2017 02 21
153 2017 02 23 2017 02 25
154 2017 03 29 2017 04 01
155 2017 11 17 2017 11 23
156 2017 11 26 2017 11 29
157 2017 12 01 2017 12 04
158 2017 12 28 2017 12 29
159 2018 01 01 2018 01 04
160 2018 03 10 2018 03 12
161 2018 03 24 2018 03 25
162 2018 04 04 2018 04 07
163 2018 11 23 2018 11 25
164 2018 12 03 2018 12 05
165 2018 12 27 2019 01 03
166 2019 01 11 2019 01 20
167 2019 01 28 2019 01 30
168 2019 02 10 2019 02 12
169 2019 03 04 2019 03 07
170 2019 03 23 2019 03 25
171 2019 03 28 2019 03 31
172 2019 04 30 2019 05 03
